# table produced by mapDamage version 2.2.1
# using mapped file /home/zhc860/data/Cave_hyena/Mapping/Published_ancient/Ccsp015.rmdup.sort.bam and /home/zhc860/data/References/Crocuta/GWHAZPN00000000.genome_HiC.fasta as reference file
# Chr: reference from sam/bam header, End: from which termini of DNA sequences, Std: strand of reads
Chr	End	Std	Pos	A	C	G	T	Total	G>A	C>T	A>G	T>C	A>C	A>T	C>G	C>A	T>G	T>A	G>C	G>T	A>-	T>-	C>-	G>-	->A	->T	->C	->G	S
*	3p	+	1	986683	459759	516500	1187473	3150415	19089	84009	9530	2782	2135	9104	4405	18605	6764	15497	2137	8041	0	0	0	0	0	0	0	0	16
*	3p	+	2	987632	473576	800045	889133	3150386	11106	51222	10242	2000	1490	2884	4596	10861	6613	11806	2103	5552	7	2	5	9	7	3	7	18	16
*	3p	+	3	878144	579697	675045	1017445	3150331	5883	14881	11821	2869	1921	2233	6400	6308	9189	5251	2362	5591	17	7	11	9	8	10	17	55	16
*	3p	+	4	980299	591829	651657	926159	3149944	8041	6803	4864	2856	2014	2115	2369	7990	2650	6019	2382	4729	10	9	6	8	295	26	60	90	2
*	3p	+	5	959687	586482	647430	956007	3149606	2916	6168	3354	2433	1593	1945	1522	3696	1522	2972	1909	4662	19	29	78	27	545	120	74	75	0
*	3p	+	6	956959	589827	648084	952648	3147518	2164	5267	3143	2171	1099	1465	1525	2933	1389	2444	1548	4043	57	86	151	75	1373	479	304	745	0
*	3p	+	7	958199	593177	641497	953728	3146601	2065	4648	2900	2198	1086	1244	1457	2657	1332	2149	1466	3806	202	288	357	255	1375	598	624	1222	0
*	3p	+	8	964925	595788	653340	932628	3146681	1892	4221	2783	2060	966	1234	1225	2438	1158	1905	1439	3765	325	350	365	328	1515	666	590	967	0
*	3p	+	9	958996	606161	648849	933272	3147278	1632	4025	2555	2155	978	1164	1075	2401	951	1780	1370	3605	377	349	351	326	1133	671	633	706	0
*	3p	+	10	959458	610091	651991	926187	3147727	1536	3891	2412	2069	1015	1215	1033	2226	954	1622	1354	3526	363	346	297	291	797	675	561	664	0
*	3p	+	11	958649	613308	652583	923133	3147673	1547	3773	2354	1992	1062	1118	986	2204	966	1452	1293	3482	309	312	260	251	751	672	621	708	0
*	3p	+	12	955016	616067	663376	913261	3147720	1470	3578	2389	2025	1133	1168	1031	2167	954	1408	1341	3475	314	353	233	230	713	645	629	715	0
*	3p	+	13	953567	611529	659946	922788	3147830	1505	3424	2430	2009	1064	1128	988	2104	950	1446	1289	3432	349	357	231	230	706	684	588	613	0
*	3p	+	14	962564	608493	661147	915545	3147749	1405	3404	2320	2031	1021	978	962	1947	884	1405	1252	3398	371	328	239	256	706	685	613	670	0
*	3p	+	15	961362	610902	654963	920465	3147692	1517	3550	2417	2094	1040	1056	963	2021	973	1361	1235	3242	391	378	241	264	703	693	636	698	0
*	3p	+	16	961652	609746	654999	921261	3147658	1516	3394	2365	2075	1008	1112	1010	1923	917	1326	1213	3262	398	433	255	285	734	713	601	714	0
*	3p	+	17	961747	611064	651279	923585	3147675	1510	3341	2283	2062	1071	1093	959	1956	900	1352	1139	3213	422	438	248	266	756	713	660	617	0
*	3p	+	18	960046	614547	651514	921607	3147714	1541	3360	2329	2074	997	1104	969	1963	878	1428	1214	3320	443	464	233	270	720	709	640	632	0
*	3p	+	19	955295	618340	649954	923974	3147563	1483	3400	2354	2008	1049	1065	966	1944	892	1338	1253	3209	423	498	263	284	765	803	620	672	0
*	3p	+	20	953548	620331	653732	919993	3147604	1551	3361	2406	2033	934	1116	853	1987	902	1379	1241	3415	461	467	275	297	783	736	626	676	0
*	3p	+	21	953081	619475	656153	918845	3147554	1517	3480	2395	2090	971	1135	941	1850	924	1303	1172	3240	481	519	250	286	746	777	654	690	0
*	3p	+	22	955050	616863	655406	920233	3147552	1432	3504	2361	2042	980	1074	923	1900	904	1297	1172	3178	452	501	288	265	748	815	630	679	0
*	3p	+	23	958488	612453	656398	920255	3147594	1507	3511	2335	2014	1063	1117	897	1837	863	1354	1137	3253	486	473	247	284	787	714	658	669	0
*	3p	+	24	961186	608391	655302	922675	3147554	1502	3669	2399	1954	974	1050	895	1810	916	1415	1147	3329	506	451	255	284	756	761	647	699	0
*	3p	+	25	967871	604941	652566	922155	3147533	1541	3676	2379	1906	949	1006	880	1943	891	1437	1109	3279	488	497	248	276	736	748	642	731	0
*	3p	+	26	972226	602787	652678	919923	3147614	1489	3797	2373	1948	944	1026	906	1999	886	1357	1136	3325	424	460	281	295	739	761	588	673	0
*	3p	+	27	975646	604993	648871	918973	3148483	1468	4047	2404	1912	883	1026	813	1994	864	1384	1069	3055	453	491	238	286	578	535	392	393	0
*	3p	+	28	978262	597782	651281	921760	3149085	1535	4196	2449	1854	954	1106	871	2047	871	1368	1059	2928	398	407	204	229	444	410	202	240	0
*	3p	+	29	977484	592495	655338	924166	3149483	1604	4763	2650	1884	957	1068	792	1916	917	1459	1063	2936	347	325	157	164	338	310	132	134	0
*	3p	+	30	987329	588578	648074	925715	3149696	1634	10403	3059	1879	974	1181	870	2100	1021	1800	1174	2773	310	296	116	132	261	236	95	93	0
*	3p	+	31	911572	536225	593077	858834	2899708	1441	9687	2645	1593	748	916	683	1725	759	1439	899	2465	261	281	112	113	210	212	76	74	0
*	3p	+	32	840887	492193	549616	788595	2671291	1321	8960	2380	1413	664	720	578	1552	696	1228	815	2175	248	263	95	104	185	191	67	80	0
*	3p	+	33	778438	451592	505101	731054	2466185	1144	8538	2151	1166	587	589	499	1345	551	1134	655	1895	238	232	87	106	180	184	50	41	0
*	3p	+	34	719083	413639	464551	679828	2277101	1063	7878	2010	1173	455	557	477	1370	489	1031	626	1715	207	209	91	96	184	153	64	55	0
*	3p	+	35	665243	382183	426567	629067	2103060	959	7405	1829	1056	440	507	431	1215	453	895	564	1689	201	194	75	92	129	171	58	50	0
*	3p	+	36	614941	353022	390755	583486	1942204	914	6661	1683	941	394	463	423	1081	402	825	530	1475	173	180	64	91	128	136	42	47	0
*	3p	+	37	569186	324955	358659	540114	1792914	830	6233	1533	887	361	452	375	944	403	744	457	1337	149	183	58	55	108	136	49	41	0
*	3p	+	38	521042	302017	330284	499648	1652991	735	5809	1415	871	356	401	311	932	356	673	441	1158	143	177	69	64	120	150	41	46	0
*	3p	+	39	478235	279120	303398	462099	1522852	717	5364	1308	770	321	342	323	903	310	660	402	1109	148	167	58	74	110	106	38	48	0
*	3p	+	40	439855	256334	279836	425983	1402008	666	4889	1175	694	309	356	304	780	303	595	362	1017	137	162	56	72	89	109	36	46	0
*	3p	+	41	404115	234925	257484	393268	1289792	578	4523	1120	648	290	320	274	765	322	601	334	983	123	129	49	61	86	118	32	33	0
*	3p	+	42	371839	217004	235932	361359	1186134	539	4273	1033	633	249	316	263	699	259	557	306	887	84	143	40	39	66	104	30	31	0
*	3p	+	43	341767	198627	216853	332515	1089762	473	3824	936	535	221	269	204	612	234	472	276	785	100	107	39	44	60	92	22	33	0
*	3p	+	44	314641	181671	199851	305842	1002005	463	3418	972	546	216	266	206	542	251	441	241	654	92	95	37	32	58	94	21	27	0
*	3p	+	45	289879	166599	183568	282357	922403	435	3101	729	508	181	231	200	528	218	425	242	680	79	73	33	37	67	75	20	26	0
*	3p	+	46	267646	153703	168187	260098	849634	396	2829	742	393	197	205	165	469	159	340	205	514	72	85	27	32	60	59	17	18	0
*	3p	+	47	246014	142110	154683	239941	782748	342	2646	686	382	147	223	172	427	205	344	202	531	69	84	27	28	61	54	19	19	0
*	3p	+	48	226051	131043	142188	222233	721515	328	2378	589	344	162	172	165	408	155	325	175	481	55	70	27	27	44	58	26	21	0
*	3p	+	49	207385	121265	130590	205218	664458	340	2252	577	353	141	160	140	381	142	289	162	445	68	65	27	21	50	51	15	18	0
*	3p	+	50	190450	112468	120580	188504	612002	277	2027	490	288	133	149	132	333	123	261	153	442	53	62	17	28	34	36	15	15	0
*	3p	+	51	175395	103138	110311	174501	563345	273	1815	481	295	117	144	107	327	161	253	118	361	43	49	23	29	33	45	8	15	0
*	3p	+	52	161227	95569	101880	159916	518592	232	1704	422	254	119	114	114	281	99	210	121	344	38	54	20	32	23	32	12	18	0
*	3p	+	53	148071	88313	93821	147298	477503	211	1508	381	296	80	123	95	254	137	201	121	322	36	55	23	10	32	26	7	9	0
*	3p	+	54	136371	81109	86674	136070	440224	215	1366	416	237	87	124	100	201	97	173	100	271	29	46	15	23	12	32	14	5	0
*	3p	+	55	126165	74800	79810	125636	406411	186	1285	305	225	92	99	89	199	88	155	95	257	33	44	11	13	24	24	14	8	0
*	3p	+	56	117030	68985	73770	116127	375912	179	1138	299	182	79	84	77	211	69	177	77	227	21	37	20	10	16	24	7	9	0
*	3p	+	57	108284	63739	68138	107479	347640	164	1114	303	174	75	85	72	164	66	139	74	211	31	26	8	15	19	17	4	15	0
*	3p	+	58	100565	59127	62665	99260	321617	151	997	234	164	81	70	73	164	90	125	84	194	21	45	15	12	23	24	5	9	0
*	3p	+	59	92019	55068	58223	92161	297471	140	933	238	152	61	70	56	139	55	117	70	165	19	30	9	16	14	20	7	5	0
*	3p	+	60	85394	50509	53850	85198	274951	136	816	210	136	55	57	61	145	73	107	64	195	15	30	10	12	7	12	3	4	0
*	3p	+	61	78840	47002	49308	78890	254040	113	746	206	124	50	55	48	131	58	113	57	186	24	19	6	7	13	18	6	4	0
*	3p	+	62	72791	43451	45502	73340	235084	105	710	170	127	48	66	49	140	61	94	51	156	21	19	5	16	10	13	3	1	0
*	3p	+	63	67361	40349	41917	67559	217186	118	630	166	100	45	48	51	122	46	94	59	145	20	14	6	8	13	9	2	1	0
*	3p	+	64	62217	36970	38910	62500	200597	95	572	169	100	41	43	51	102	34	89	50	114	11	14	1	6	8	13	1	3	0
*	3p	+	65	57333	34382	36042	57803	185560	95	563	136	99	46	42	49	103	44	82	40	98	16	13	4	8	11	5	4	1	0
*	3p	+	66	53152	31886	32919	53588	171545	80	445	121	76	32	40	32	89	44	62	31	115	8	7	7	5	2	6	3	4	0
*	3p	+	67	48977	29735	30178	49908	158798	74	451	135	76	28	34	38	94	42	57	45	96	13	10	3	5	2	8	2	3	0
*	3p	+	68	45673	27286	27699	46382	147040	68	422	91	87	29	42	21	67	34	66	37	76	11	10	4	2	7	11	3	0	0
*	3p	+	69	42227	25365	26051	42489	136132	57	373	118	67	24	33	16	56	42	65	30	73	7	6	3	3	4	6	0	3	0
*	3p	+	70	38978	23367	23976	39850	126171	65	326	103	64	28	26	24	66	26	61	26	78	4	8	3	4	4	9	3	2	0
*	3p	-	1	987063	459917	516465	1190790	3154235	19141	83976	9329	2753	2109	8885	4346	18697	6801	15220	2036	8038	0	0	0	0	0	0	0	0	46
*	3p	-	2	988649	473634	802495	889132	3153910	11036	51229	10347	1927	1480	2734	4401	10823	6630	11608	2028	5493	7	7	6	4	127	73	42	87	43
*	3p	-	3	878225	581441	675854	1017834	3153354	5762	15051	11742	2860	1976	2167	6255	6356	9071	5117	2282	5684	25	22	25	18	205	120	159	398	21
*	3p	-	4	980538	594567	653063	924220	3152388	7978	6980	4779	2737	1836	1919	2110	8300	2579	6019	2284	4659	60	80	43	54	891	274	330	352	6
*	3p	-	5	959518	586541	649201	956907	3152167	2959	6053	3224	2410	1378	1789	1428	3685	1427	2926	1795	4710	182	218	174	120	921	512	308	330	0
*	3p	-	6	959255	590186	650349	951380	3151170	2228	5359	3187	2135	1077	1542	1431	3025	1413	2410	1582	4153	273	294	216	160	1241	633	409	787	0
*	3p	-	7	960831	592868	641137	955531	3150367	2088	4603	2940	2162	1098	1249	1378	2811	1400	2174	1403	3762	411	435	332	255	1335	820	606	1113	0
*	3p	-	8	967468	596815	654762	931674	3150719	1847	4142	2808	2009	1001	1213	1177	2586	1165	1853	1353	3680	470	566	382	368	1163	788	615	956	0
*	3p	-	9	961277	606656	650354	932952	3151239	1780	4073	2543	1990	1030	1111	1062	2407	995	1761	1402	3596	467	506	346	355	971	728	639	665	0
*	3p	-	10	961242	611017	655376	923727	3151362	1534	3803	2502	2033	1088	1132	1039	2243	973	1587	1337	3603	481	492	274	305	760	786	648	682	0
*	3p	-	11	959490	614104	653170	924504	3151268	1507	3744	2292	2008	1136	1139	1009	2077	944	1529	1296	3556	452	484	271	301	830	825	627	690	0
*	3p	-	12	957784	616227	663828	913536	3151375	1489	3536	2461	2077	1073	1078	1005	2144	948	1485	1256	3525	454	493	249	290	769	772	655	668	0
*	3p	-	13	956665	611699	659376	923592	3151332	1528	3542	2344	2085	1043	1078	964	2084	935	1421	1265	3427	440	529	265	277	810	782	642	673	0
*	3p	-	14	964137	608344	662889	915988	3151358	1529	3443	2375	2071	997	1101	941	2058	935	1405	1260	3479	490	496	249	289	763	763	641	714	0
*	3p	-	15	962322	611708	658465	918821	3151316	1509	3482	2301	2024	995	1108	966	1992	933	1423	1304	3309	446	499	250	309	749	793	653	728	0
*	3p	-	16	962509	611387	656194	921317	3151407	1482	3445	2354	2062	982	1094	983	1929	903	1388	1253	3363	477	529	252	282	752	782	685	617	0
*	3p	-	17	964297	611697	652022	923369	3151385	1430	3219	2381	2040	1029	1080	938	2041	942	1335	1204	3293	439	461	266	291	778	801	631	643	0
*	3p	-	18	960090	616324	654710	920339	3151463	1503	3302	2362	1993	1069	1139	985	1849	869	1375	1211	3391	477	499	266	269	764	723	581	709	0
*	3p	-	19	958129	618154	651460	923667	3151410	1498	3505	2294	2055	966	1075	881	1932	899	1335	1198	3278	441	457	295	322	789	759	597	680	0
*	3p	-	20	955071	620302	656915	919162	3151450	1549	3454	2417	2067	943	1043	934	1876	897	1385	1144	3234	443	480	266	261	769	710	641	669	0
*	3p	-	21	953580	621230	656657	919972	3151439	1435	3459	2275	2047	1009	1044	908	1836	900	1317	1207	3313	472	520	292	282	678	792	676	653	0
*	3p	-	22	955452	617894	656956	921225	3151527	1433	3435	2235	2090	999	1130	957	1958	870	1347	1131	3313	474	461	266	279	697	760	630	625	0
*	3p	-	23	960853	612212	656946	921610	3151621	1506	3529	2364	2116	1030	1122	900	1817	883	1344	1209	3296	415	432	247	271	694	692	600	630	0
*	3p	-	24	960729	609139	658773	922996	3151637	1554	3727	2417	2016	1012	1017	950	1757	843	1349	1159	3350	435	420	229	232	639	679	641	643	0
*	3p	-	25	970963	604243	653380	923064	3151650	1439	3695	2478	1943	986	1054	812	1806	871	1415	1127	3336	387	400	238	278	637	646	619	645	0
*	3p	-	26	974380	602933	654707	919810	3151830	1480	3870	2350	2052	952	1013	861	1958	865	1380	1127	3333	389	394	260	253	596	628	579	572	0
*	3p	-	27	979386	603352	650736	919435	3152909	1486	4049	2437	1939	926	1062	799	1975	836	1413	1034	3217	385	391	236	259	340	356	301	287	0
*	3p	-	28	979655	599004	652770	921982	3153411	1550	4415	2447	1910	940	1027	786	1936	891	1424	1051	3035	251	288	161	181	210	259	142	171	0
*	3p	-	29	979451	594318	655998	923889	3153656	1509	4735	2573	1894	977	1060	818	1992	898	1571	1069	2821	230	262	142	136	145	199	106	102	0
*	3p	-	30	988604	587587	649900	927649	3153740	1740	10380	3084	1823	1058	1097	890	2076	988	1754	1078	2846	194	245	109	104	148	135	86	90	0
*	3p	-	31	914070	536662	594083	858786	2903601	1486	9718	2688	1567	720	849	715	1784	792	1387	863	2448	175	177	97	104	117	132	52	81	0
*	3p	-	32	843971	491702	550211	790294	2676178	1234	9135	2316	1389	633	687	589	1542	628	1190	821	2117	176	205	102	95	108	121	39	65	0
*	3p	-	33	779125	450721	507623	732818	2470287	1115	8414	2193	1205	536	598	522	1399	577	1036	721	2011	155	158	75	99	91	112	46	40	0
*	3p	-	34	721271	413099	466221	680122	2280713	1046	7913	1918	1157	474	519	494	1294	529	963	608	1759	142	156	82	77	90	122	37	29	0
*	3p	-	35	666271	383091	426735	630808	2106905	991	7378	1878	1047	445	525	460	1188	461	922	526	1646	123	140	54	71	79	113	38	46	0
*	3p	-	36	615685	352693	392684	584442	1945504	874	6738	1635	982	392	492	370	1124	424	839	546	1501	123	110	63	63	76	95	39	38	0
*	3p	-	37	570170	325236	359158	540893	1795457	820	6276	1559	907	384	409	396	957	392	743	482	1311	104	103	54	70	72	95	31	30	0
*	3p	-	38	521809	300882	332037	500227	1654955	786	5795	1497	872	379	377	332	953	395	711	452	1306	78	92	46	44	75	76	34	25	0
*	3p	-	39	480534	277950	304255	462109	1524848	728	5410	1338	760	345	371	341	833	338	656	408	1111	84	106	46	42	72	81	29	34	0
*	3p	-	40	440132	256820	280325	426177	1403454	645	4991	1235	683	316	337	341	790	318	623	365	1011	77	80	53	50	58	72	31	23	0
*	3p	-	41	405521	235018	257395	392596	1290530	611	4604	1103	635	276	324	277	687	285	578	364	1019	96	92	37	58	53	59	22	25	0
*	3p	-	42	372485	216299	236419	361049	1186252	554	4082	1053	623	273	317	266	648	251	518	332	864	81	83	39	46	51	72	27	18	0
*	3p	-	43	341692	198061	217881	332622	1090256	509	3844	954	549	198	296	228	626	273	490	291	788	56	67	35	41	50	44	14	26	0
*	3p	-	44	315386	181263	200346	306041	1003036	512	3438	856	516	213	269	195	581	244	484	257	705	46	60	24	41	37	47	16	24	0
*	3p	-	45	291354	166525	183267	282351	923497	418	3211	739	451	187	236	198	511	209	379	243	665	58	60	24	37	38	41	18	14	0
*	3p	-	46	267497	153624	169367	260279	850767	427	2796	744	468	203	205	170	455	195	359	233	592	44	59	16	21	40	27	20	12	0
*	3p	-	47	246074	142239	155133	240113	783559	372	2683	675	384	176	212	163	413	204	312	179	549	39	45	20	28	18	31	13	12	0
*	3p	-	48	225673	131048	142563	222209	721493	346	2458	597	366	161	183	138	432	189	327	177	496	31	40	22	25	23	38	13	16	0
*	3p	-	49	207816	121124	130081	205308	664329	333	2200	548	327	128	144	142	364	142	272	163	452	36	37	26	25	35	23	10	9	0
*	3p	-	50	189885	112704	120075	188881	611545	295	2045	484	320	133	161	116	329	154	278	151	386	28	34	17	12	17	33	13	13	0
*	3p	-	51	174570	103283	110559	174746	563158	279	1834	489	303	127	136	117	297	120	247	136	353	19	25	20	17	11	33	8	6	0
*	3p	-	52	161137	94579	102160	160244	518120	245	1644	429	290	106	119	116	269	137	217	114	327	28	31	17	20	8	21	10	11	0
*	3p	-	53	147724	87933	93556	147578	476791	247	1550	404	267	129	133	111	263	99	222	116	299	34	36	9	21	17	23	7	6	0
*	3p	-	54	136705	80923	86615	135491	439734	212	1378	385	194	100	106	90	249	103	167	110	290	22	35	15	8	11	10	8	6	0
*	3p	-	55	126143	75022	79389	125353	405907	172	1205	314	240	86	107	76	201	98	165	85	285	19	22	8	16	9	12	2	4	0
*	3p	-	56	116797	68529	73387	116353	375066	156	1171	308	203	85	106	75	209	97	136	108	236	20	22	11	14	14	13	5	4	0
*	3p	-	57	108282	64002	68198	106514	346996	159	1060	293	201	57	81	83	192	72	136	104	216	22	13	8	8	8	12	4	6	0
*	3p	-	58	100111	58937	62761	99137	320946	130	967	269	194	65	72	71	160	69	131	81	196	11	10	9	7	11	8	2	6	0
*	3p	-	59	92084	54636	58249	91618	296587	134	879	233	152	63	79	60	136	64	134	52	178	16	16	9	9	8	7	4	4	0
*	3p	-	60	85537	50398	53258	85009	274202	140	798	250	155	58	74	67	127	68	122	64	176	14	11	7	8	6	7	3	3	0
*	3p	-	61	78687	46797	49567	78468	253519	126	761	174	131	52	70	55	139	64	93	55	162	6	9	5	6	6	4	0	3	0
*	3p	-	62	72590	43085	45477	73272	234424	116	737	187	115	46	56	52	124	70	93	54	156	6	12	10	4	5	5	2	3	0
*	3p	-	63	67443	39740	41997	67567	216747	115	648	164	106	52	59	63	114	52	84	49	135	9	11	7	5	8	5	8	2	0
*	3p	-	64	62883	36676	38883	61912	200354	88	596	165	94	51	57	32	104	35	68	53	117	6	11	8	3	4	5	1	1	0
*	3p	-	65	57256	34275	36063	57531	185125	79	515	157	94	34	32	38	94	40	68	44	114	6	6	2	5	4	6	3	1	0
*	3p	-	66	52870	31586	33355	53328	171139	78	506	156	103	28	52	21	105	38	66	47	98	2	6	5	8	1	6	5	1	0
*	3p	-	67	48529	29333	30778	49898	158538	73	427	144	76	30	28	35	83	50	59	43	82	1	4	2	2	1	4	0	3	0
*	3p	-	68	45317	27045	27894	46334	146590	54	420	92	76	44	34	33	65	35	57	32	76	3	5	5	3	4	4	1	2	0
*	3p	-	69	42372	25117	26131	42104	135724	65	360	111	69	31	38	24	77	30	72	34	76	2	5	0	0	3	3	6	2	0
*	3p	-	70	39323	23270	23724	39475	125792	56	371	82	51	18	34	16	91	22	71	23	82	4	2	1	2	2	2	1	1	0
*	5p	+	1	1119700	521043	537953	971394	3150090	2969	82711	8567	1661	1711	1911	1244	2834	2119	4701	994	1702	0	0	0	0	0	0	0	0	7
*	5p	+	2	991752	536742	682191	939581	3150266	2071	9840	3496	1825	951	1442	781	1998	1025	2558	1113	1288	0	0	0	0	59	56	17	25	6
*	5p	+	3	1006137	517990	679915	945975	3150017	1859	7411	3151	1558	845	1274	802	2112	961	1622	834	1363	45	26	12	8	151	139	59	60	1
*	5p	+	4	1036143	567919	655702	889687	3149451	1762	5890	2953	1625	834	1082	704	1920	864	1690	866	1598	88	64	43	41	345	261	175	194	0
*	5p	+	5	1024547	573395	635952	913922	3147816	1655	4974	2710	1570	802	1056	655	2155	940	1371	809	3069	204	254	128	154	673	689	610	638	0
*	5p	+	6	991206	587504	649991	918419	3147120	1587	4554	2670	1619	822	955	723	2455	822	1701	983	3142	275	274	173	172	698	684	630	704	0
*	5p	+	7	977836	594411	644519	930958	3147724	1544	4217	2530	1804	841	999	705	2218	843	1626	996	3380	338	300	192	192	739	693	593	663	0
*	5p	+	8	969282	607593	652718	918139	3147732	1478	4042	2500	1930	932	1026	830	1857	898	1426	1064	3318	381	353	204	203	679	685	639	689	0
*	5p	+	9	964368	607380	642650	933239	3147637	1458	3882	2389	2131	1036	1035	796	1621	862	1488	1069	3300	419	390	206	243	748	755	647	635	0
*	5p	+	10	959572	611717	651144	925040	3147473	1514	3783	2613	2021	834	1087	897	1901	929	1387	1106	3463	417	435	262	228	774	786	663	721	0
*	5p	+	11	957700	611506	654560	923845	3147611	1475	3573	2464	2049	864	1077	803	1891	821	1255	1142	3389	441	441	267	276	718	755	619	718	0
*	5p	+	12	954633	619298	653322	920400	3147653	1501	3610	2433	2102	954	1047	864	1633	876	1348	1094	3247	458	451	273	291	744	724	656	637	0
*	5p	+	13	961300	612831	651061	922461	3147653	1528	3573	2265	2115	892	1072	828	1564	788	1300	1097	3321	469	500	260	264	757	706	637	673	0
*	5p	+	14	959994	614135	650489	923102	3147720	1522	3556	2275	2102	916	1061	896	1855	864	1239	1164	3306	454	480	255	274	755	710	648	585	0
*	5p	+	15	960353	613484	650679	923079	3147595	1450	3373	2321	2043	956	1135	889	1667	875	1152	1098	3248	498	472	250	314	778	740	612	683	0
*	5p	+	16	963550	611245	654467	918322	3147584	1464	3499	2392	2081	935	1046	895	1674	906	1201	1125	3154	487	486	257	303	738	777	637	683	0
*	5p	+	17	962684	610272	655515	919118	3147589	1500	3439	2292	2128	1047	1022	901	1445	895	1140	1030	3277	455	482	268	280	790	765	616	665	0
*	5p	+	18	957999	613877	657774	917986	3147636	1469	3363	2253	1999	939	1061	846	1585	875	1152	1021	3266	486	478	244	278	771	746	621	647	0
*	5p	+	19	958785	612848	658665	917225	3147523	1457	3455	2319	2089	1065	1079	923	1538	861	1096	1052	3247	478	467	252	281	760	785	638	711	0
*	5p	+	20	958301	616708	659049	913571	3147629	1459	3531	2256	1993	1054	1041	884	1533	848	1123	1089	3251	432	493	263	280	728	766	621	670	0
*	5p	+	21	960003	615848	654704	917132	3147687	1506	3420	2245	2008	1123	1059	762	1548	842	1170	1099	3245	422	460	257	281	732	748	607	651	0
*	5p	+	22	958629	616175	650916	921965	3147685	1458	3448	2299	2029	965	1042	866	1631	871	1187	1028	3281	444	485	257	259	716	752	600	672	0
*	5p	+	23	959842	612011	649483	926356	3147692	1470	3549	2380	2056	894	1066	922	1809	907	1167	1092	3265	433	464	252	273	742	744	618	627	0
*	5p	+	24	960178	611077	651743	924822	3147820	1552	3677	2459	2144	979	1157	1002	1884	939	1199	1109	3306	420	432	257	283	718	696	594	598	0
*	5p	+	25	962192	606983	648811	930281	3148267	1513	3767	2335	2028	1000	1115	973	1593	913	1234	1149	3411	390	410	250	261	657	569	437	496	0
*	5p	+	26	957604	606722	652032	932784	3149142	1588	3949	2453	2169	1288	1118	1100	2139	1094	1510	1429	3464	298	329	202	183	469	322	213	278	0
*	5p	+	27	962544	604598	652865	929411	3149418	1907	4085	2542	2077	1208	1272	1059	2235	977	1643	1429	3553	255	271	171	164	441	235	143	188	0
*	5p	+	28	956802	600814	655877	936167	3149660	1971	5124	3068	2108	1210	1226	1367	2351	1432	1829	1431	3656	246	275	169	161	367	184	77	137	0
*	5p	+	29	957824	592830	665132	933905	3149691	2407	8890	3478	2055	1117	1298	1588	3036	1622	2371	1348	3762	208	271	154	144	363	172	66	127	0
*	5p	+	30	960577	584032	653686	951476	3149771	3454	14874	3657	2047	1142	1684	1646	4097	1843	3020	1316	3839	223	230	133	149	328	158	57	110	0
*	5p	+	31	886114	535578	598214	879838	2899744	3157	14053	3159	1708	962	1317	1389	3689	1470	2687	1296	3607	202	227	117	137	279	151	56	106	0
*	5p	+	32	812970	493461	549369	815483	2671283	2870	12790	2855	1585	717	1152	1246	3329	1294	2485	1134	3199	190	230	117	100	280	144	58	117	0
*	5p	+	33	752805	450554	506588	756179	2466126	2588	11983	2744	1477	625	1015	1206	3061	1259	2284	1010	2829	173	190	101	104	266	125	55	97	0
*	5p	+	34	694298	415277	466180	701316	2277071	2335	10787	2430	1314	651	948	1019	2746	1076	2100	977	2674	187	177	101	86	296	124	42	78	0
*	5p	+	35	642695	381166	431139	647961	2102961	2228	10140	2288	1260	528	880	1074	2599	1100	1941	864	2335	146	158	81	87	275	120	30	120	0
*	5p	+	36	593950	351844	399028	597176	1941998	2030	9299	2037	1096	549	824	977	2449	1078	1788	774	2260	126	151	99	88	288	127	43	121	0
*	5p	+	37	549756	322816	367929	552229	1792730	1891	8568	2034	1034	418	822	928	2403	988	1605	716	1963	127	150	98	86	304	85	32	117	0
*	5p	+	38	505301	298406	339100	510061	1652868	1874	7937	1825	926	468	709	837	2165	794	1606	722	1973	126	118	84	67	240	96	39	137	0
*	5p	+	39	464891	275033	311992	470838	1522754	1817	7138	1670	855	443	719	746	2135	803	1515	665	1792	98	127	95	66	198	103	26	101	0
*	5p	+	40	425082	253508	286916	436376	1401882	1628	6575	1696	910	428	712	778	2027	896	1512	658	1646	96	126	62	65	205	89	35	100	0
*	5p	+	41	390797	234143	261645	403098	1289683	1578	6138	1675	818	421	702	777	1952	893	1455	554	1468	82	112	65	74	197	81	36	87	0
*	5p	+	42	359327	214939	239772	371978	1186016	1468	5508	1571	776	440	730	727	1924	899	1452	556	1391	80	108	54	58	167	79	35	90	0
*	5p	+	43	330391	196045	219390	343842	1089668	1341	5156	1483	710	362	667	684	1939	842	1320	526	1290	76	93	62	51	146	89	23	65	0
*	5p	+	44	303099	180435	202102	316303	1001939	1226	4570	1348	701	404	544	561	1510	717	1364	532	1432	89	100	51	40	129	81	18	64	0
*	5p	+	45	281186	165679	184307	291174	922346	1099	4108	1161	636	402	513	514	1285	670	1111	748	1055	63	81	50	53	124	57	28	59	0
*	5p	+	46	257159	153232	170418	268715	849524	1028	3794	1083	576	338	513	562	1176	639	1098	508	1140	54	61	45	47	128	67	21	61	0
*	5p	+	47	237316	141171	157047	247162	782696	917	3451	1043	523	271	478	473	1116	596	950	424	936	57	61	36	42	101	51	15	45	0
*	5p	+	48	218844	129735	145337	227567	721483	830	3210	954	459	258	459	421	1069	508	850	344	798	49	70	36	31	87	45	17	48	0
*	5p	+	49	200610	120000	134256	209537	664403	812	2917	831	449	264	400	406	1023	476	729	347	832	42	62	31	33	89	47	18	50	0
*	5p	+	50	183984	110901	123690	193364	611939	711	2551	779	399	204	346	348	976	464	743	274	682	55	53	31	40	71	38	12	41	0
*	5p	+	51	169096	102249	112840	179100	563285	667	2402	768	328	222	311	355	873	409	600	333	605	42	55	28	29	79	31	12	41	0
*	5p	+	52	156573	93928	103249	164785	518535	631	2155	669	338	209	305	323	801	403	644	254	594	45	33	26	20	74	30	9	31	0
*	5p	+	53	143544	86325	94956	152608	477433	533	1906	606	324	175	277	262	731	348	546	311	502	35	52	22	23	67	32	13	34	0
*	5p	+	54	131832	79754	87918	140660	440164	489	1782	487	308	171	251	227	667	269	512	261	518	40	31	24	29	54	29	16	34	0
*	5p	+	55	122280	73860	80694	129517	406351	456	1664	514	288	128	234	245	630	305	462	209	482	35	35	23	23	61	32	10	34	0
*	5p	+	56	113156	68395	74215	120097	375863	416	1491	430	247	125	214	222	563	226	423	217	485	20	28	21	15	46	29	7	31	0
*	5p	+	57	105072	63319	68697	110488	347576	375	1412	409	221	124	196	208	549	223	406	215	405	21	35	14	17	69	23	7	24	0
*	5p	+	58	96998	58192	63875	102499	321564	387	1281	362	224	131	178	188	476	219	334	189	406	25	28	17	15	66	20	12	28	0
*	5p	+	59	89645	53315	59182	95278	297420	336	1204	343	193	122	176	155	487	221	358	184	384	28	33	19	15	54	21	5	24	0
*	5p	+	60	82712	50068	54779	87322	274881	323	1078	335	172	90	157	161	411	198	347	202	335	21	22	21	15	48	14	13	24	0
*	5p	+	61	76464	45999	50238	81277	253978	280	959	338	164	105	157	137	403	170	300	161	366	16	23	17	17	48	24	6	30	0
*	5p	+	62	70558	42750	46296	75432	235036	273	867	340	166	104	138	123	395	182	314	167	269	13	24	16	17	41	12	4	23	0
*	5p	+	63	65306	39446	42522	69864	217138	273	805	306	166	100	133	147	366	189	299	197	266	14	15	16	15	28	14	11	29	0
*	5p	+	64	60337	36338	39452	64452	200579	259	764	354	131	83	145	140	339	156	295	159	317	21	14	7	11	15	16	3	15	0
*	5p	+	65	55895	33512	36290	59853	185550	219	677	287	155	99	118	125	327	174	263	153	275	14	13	8	8	10	9	7	11	0
*	5p	+	66	51864	31018	33522	55119	171523	231	627	248	127	71	123	120	282	162	244	112	225	10	8	7	5	14	8	10	10	0
*	5p	+	67	48437	28382	31021	50924	158764	166	592	209	130	89	104	86	248	123	235	113	228	5	6	6	6	15	13	9	17	0
*	5p	+	68	44925	26439	28594	47040	146998	173	556	183	104	67	93	111	250	104	239	99	187	9	7	5	5	26	13	8	17	0
*	5p	+	69	41377	24527	26374	43770	136048	155	543	175	73	69	81	75	196	94	201	105	217	11	9	9	6	47	15	13	23	0
*	5p	+	70	38327	22765	24633	40330	126055	163	453	122	85	57	84	61	201	66	188	101	194	9	9	15	12	74	15	16	31	0
*	5p	-	1	1119603	521565	539199	973492	3153859	2938	82933	8534	1656	1793	1911	1316	2771	2216	4658	1018	1656	0	0	0	0	0	0	0	0	2
*	5p	-	2	992170	537741	684146	940181	3154238	2119	10090	3461	1778	974	1476	761	1970	1059	2747	1202	1177	0	0	0	0	1	0	0	0	2
*	5p	-	3	1007966	517647	681066	947547	3154226	1698	7505	3124	1588	841	1286	749	2106	1047	1584	869	1374	0	2	2	1	4	5	3	2	2
*	5p	-	4	1038398	567023	658346	890409	3154176	1736	5877	2942	1608	880	1118	663	1924	866	1699	851	1724	3	7	5	2	16	13	16	20	0
*	5p	-	5	1024936	572905	639511	914896	3152248	1652	5043	2790	1605	813	1023	703	2143	901	1452	824	3180	142	136	121	135	447	461	576	510	0
*	5p	-	6	992234	588632	651079	919493	3151438	1506	4587	2629	1649	789	989	669	2414	863	1695	1034	3227	172	172	158	144	498	537	586	609	0
*	5p	-	7	982355	593384	646089	930010	3151838	1550	4227	2520	1796	865	1037	676	2167	816	1573	1015	3562	199	186	150	159	564	562	608	665	0
*	5p	-	8	972372	607119	655173	917140	3151804	1474	3954	2573	1956	987	1046	859	1675	895	1484	1078	3443	192	224	161	170	588	589	603	653	0
*	5p	-	9	967027	607221	643310	934258	3151816	1425	4010	2380	2108	1042	1034	856	1730	841	1468	1071	3345	245	260	197	167	570	614	628	605	0
*	5p	-	10	961815	610259	653854	925856	3151784	1480	3724	2581	2065	934	1053	855	1865	992	1382	1121	3504	272	292	204	190	561	652	639	598	0
*	5p	-	11	960014	611763	655834	924094	3151705	1464	3581	2391	2072	852	1018	901	1941	834	1284	1091	3414	314	317	225	218	624	635	620	653	0
*	5p	-	12	956996	619076	654695	920876	3151643	1495	3554	2417	2114	885	1000	841	1737	842	1265	1194	3584	299	314	256	232	659	671	612	645	0
*	5p	-	13	964784	612467	652956	921474	3151681	1473	3559	2238	2013	991	1057	788	1606	721	1210	1128	3395	323	343	230	246	650	630	589	685	0
*	5p	-	14	963020	614045	651684	922856	3151605	1506	3513	2321	2104	906	1098	918	1882	890	1245	1072	3246	337	353	242	256	678	684	597	674	0
*	5p	-	15	962119	611554	654063	923868	3151604	1508	3516	2376	2040	958	1051	869	1578	859	1173	1074	3252	360	376	245	279	630	714	665	618	0
*	5p	-	16	964716	612243	656367	918258	3151584	1524	3364	2325	2116	949	1046	923	1775	929	1219	1078	3230	401	370	240	263	686	715	632	625	0
*	5p	-	17	964080	610756	658170	918512	3151518	1480	3509	2352	2070	965	1074	896	1495	857	1148	1141	3263	401	404	242	255	755	691	604	673	0
*	5p	-	18	961061	614360	658659	917277	3151357	1563	3415	2241	2067	1002	1019	797	1636	778	1133	1061	3164	420	444	263	294	759	758	650	715	0
*	5p	-	19	960522	612631	661781	916496	3151430	1521	3389	2339	2058	1080	1024	804	1498	899	1177	1061	3379	445	444	249	293	768	771	637	634	0
*	5p	-	20	960035	616977	658381	916031	3151424	1550	3408	2267	2142	1049	1119	867	1386	861	1167	1078	3255	443	479	260	294	760	763	615	669	0
*	5p	-	21	960916	617203	656115	917148	3151382	1469	3501	2234	2090	1113	1053	843	1587	850	1134	1151	3237	468	476	271	295	786	768	640	664	0
*	5p	-	22	960367	615091	654458	921618	3151534	1487	3470	2226	2085	1038	1026	879	1632	819	1213	1017	3254	486	484	245	274	741	743	616	609	0
*	5p	-	23	960687	613763	651227	925744	3151421	1506	3491	2356	1986	905	1034	904	1766	950	1202	1072	3274	435	478	269	308	756	769	620	675	0
*	5p	-	24	962539	613163	650469	925224	3151395	1532	3595	2349	2092	944	1091	1004	1917	982	1232	1014	3298	455	470	258	294	798	765	633	651	0
*	5p	-	25	962815	607485	650841	930661	3151802	1539	3836	2341	2041	1021	1064	920	1529	898	1225	1072	3478	507	462	253	286	726	638	521	555	0
*	5p	-	26	959327	606660	653586	933027	3152600	1568	3968	2436	2029	1207	1165	1012	2101	1055	1481	1411	3551	419	426	225	244	578	480	262	322	0
*	5p	-	27	963472	604930	654089	930352	3152843	1806	4119	2606	2075	1196	1164	1065	2307	959	1675	1390	3584	358	387	189	204	528	402	206	262	0
*	5p	-	28	958335	603119	657744	933902	3153100	1955	5074	2944	2257	1219	1194	1309	2475	1309	1729	1380	3753	338	337	173	168	478	309	122	230	0
*	5p	-	29	959402	592419	668596	932835	3153252	2397	8828	3413	2017	1147	1293	1575	3016	1653	2349	1352	3760	306	360	167	185	431	286	86	185	0
*	5p	-	30	962090	585647	655048	950614	3153399	3445	15116	3625	2000	1037	1604	1549	4217	1739	3062	1303	3953	300	302	158	180	368	245	70	154	0
*	5p	-	31	887910	536739	598343	880304	2903296	3141	13937	3273	1760	954	1262	1344	3717	1587	2661	1210	3556	266	301	136	127	321	215	72	147	0
*	5p	-	32	816720	493857	549916	815355	2675848	2751	13082	2777	1570	715	1092	1211	3242	1255	2506	1091	3208	269	264	141	153	329	201	61	118	0
*	5p	-	33	755236	451923	506424	756384	2469967	2582	11825	2729	1438	647	1034	1132	3104	1237	2182	984	2883	236	269	122	114	275	176	75	115	0
*	5p	-	34	697502	415119	466440	701303	2280364	2348	10937	2559	1293	583	921	1044	2815	1078	2084	915	2662	211	230	101	126	314	175	68	112	0
*	5p	-	35	644699	380640	432543	648729	2106611	2287	10065	2301	1199	559	822	993	2665	1124	1953	826	2402	196	242	93	106	272	155	59	128	0
*	5p	-	36	593830	352605	400724	598072	1945231	2044	9354	2138	1093	496	796	935	2574	1018	1769	749	2321	192	232	94	99	247	143	54	130	0
*	5p	-	37	549389	322768	368620	554322	1795099	1854	8566	1952	1073	473	757	949	2388	1006	1639	743	2068	174	224	133	104	260	172	46	147	0
*	5p	-	38	504436	299526	339987	510633	1654582	1873	7850	1809	963	451	724	869	2261	818	1610	689	1921	155	190	94	95	286	154	45	132	0
*	5p	-	39	465512	274932	312683	471377	1524504	1785	7122	1750	934	466	705	769	2116	798	1464	639	1853	132	199	105	89	241	151	65	124	0
*	5p	-	40	426169	254491	285593	436880	1403133	1666	6658	1716	809	454	693	736	2083	962	1384	604	1599	138	177	70	81	207	133	69	119	0
*	5p	-	41	391070	233762	261654	403740	1290226	1551	6077	1667	846	441	685	777	1973	891	1429	603	1512	127	162	74	63	194	122	61	105	0
*	5p	-	42	359296	215149	239713	371815	1185973	1553	5533	1624	758	387	680	701	1915	854	1381	604	1435	106	139	67	60	173	134	54	109	0
*	5p	-	43	330635	196281	219483	343599	1089998	1353	5088	1484	686	319	635	686	1915	872	1330	538	1283	110	146	66	66	146	113	55	101	0
*	5p	-	44	302575	181045	201736	317423	1002779	1222	4584	1358	663	351	539	558	1491	696	1403	504	1373	101	120	69	67	153	104	53	91	0
*	5p	-	45	279301	166341	184990	292571	923203	1200	4228	1161	648	353	521	461	1239	630	1069	723	1043	97	99	44	46	150	111	60	97	0
*	5p	-	46	257566	153016	170662	269322	850566	1052	3746	1066	538	316	496	468	1171	632	1126	436	1023	78	93	45	44	106	98	46	67	0
*	5p	-	47	237072	140724	158080	247489	783365	953	3520	1049	541	298	444	432	1067	591	948	446	872	81	87	40	36	114	78	44	50	0
*	5p	-	48	218318	129953	145142	227917	721330	901	3237	920	453	236	425	393	1066	512	787	331	825	66	71	41	46	103	66	36	60	0
*	5p	-	49	201085	119078	133651	210368	664182	791	2850	853	427	229	397	417	977	430	751	339	784	73	83	38	27	94	61	37	52	0
*	5p	-	50	184565	110481	123386	192978	611410	709	2694	757	381	213	355	361	984	471	739	309	642	62	66	48	32	78	68	28	51	0
*	5p	-	51	170065	101563	113208	178202	563038	623	2460	716	367	205	351	343	880	394	597	273	642	70	53	27	39	72	47	32	28	0
*	5p	-	52	156292	93873	103273	164564	518002	601	2154	683	346	184	264	281	803	399	611	253	584	49	70	29	33	79	49	15	32	0
*	5p	-	53	142950	86551	95129	152024	476654	550	1957	636	302	157	243	249	725	345	517	288	527	50	64	27	33	78	41	32	43	0
*	5p	-	54	131620	80000	87222	140758	439600	499	1809	536	279	153	249	222	649	252	467	269	491	46	57	25	25	72	50	25	37	0
*	5p	-	55	121943	73400	81048	129400	405791	464	1660	477	255	127	244	258	623	262	421	193	471	40	59	26	19	60	59	9	28	0
*	5p	-	56	113110	67885	74571	119372	374938	419	1488	457	235	133	222	175	560	244	431	204	417	52	56	28	26	61	50	24	38	0
*	5p	-	57	104823	62622	69391	110044	346880	432	1362	437	243	110	171	182	508	252	435	229	404	40	64	20	30	50	46	22	31	0
*	5p	-	58	97522	58012	63420	101891	320845	356	1276	395	206	113	175	168	518	243	361	166	419	37	44	24	19	50	36	19	29	0
*	5p	-	59	89322	53583	59077	94500	296482	341	1087	372	177	121	171	186	489	194	346	183	368	30	54	16	24	53	38	14	30	0
*	5p	-	60	82439	49746	54393	87528	274106	286	1039	349	176	125	152	172	440	208	301	210	327	32	42	20	13	49	33	16	27	0
*	5p	-	61	76229	45862	49982	81360	253433	294	942	333	181	103	155	142	406	186	317	172	346	31	32	12	12	41	26	10	25	0
*	5p	-	62	70260	42398	46551	75144	234353	271	922	302	157	90	146	122	388	173	299	160	288	18	35	20	16	23	30	16	19	0
*	5p	-	63	65236	39514	42462	69460	216672	258	784	301	167	96	134	139	369	167	282	167	304	17	23	16	16	29	24	19	33	0
*	5p	-	64	60133	36423	39300	64397	200253	258	767	312	152	89	149	143	318	182	260	158	310	11	35	16	22	34	35	13	32	0
*	5p	-	65	56149	33424	35929	59556	185058	194	677	255	150	70	132	120	301	161	249	134	253	23	29	19	6	30	20	17	15	0
*	5p	-	66	51657	30677	33613	55142	171089	215	679	239	112	80	119	109	276	134	218	124	238	15	19	15	12	18	14	13	18	0
*	5p	-	67	47539	28755	31015	51182	158491	176	573	194	103	73	92	104	235	110	232	119	236	21	18	9	12	18	17	7	16	0
*	5p	-	68	44616	26397	28641	46899	146553	161	504	184	97	60	77	102	233	112	183	95	184	16	29	10	11	17	6	7	19	0
*	5p	-	69	41198	24315	26663	43501	135677	138	501	154	94	67	92	79	209	116	189	98	188	9	15	9	8	25	11	7	20	0
*	5p	-	70	37910	22618	24459	40727	125714	174	464	127	88	60	65	63	218	68	197	91	160	12	22	15	7	39	19	10	20	0
