# table produced by mapDamage version 2.2.1
# using mapped file ../../Mapping/Alpaca_ref/Olivar/14B.rmdup.sort.bam and /home/zhc860/data/References/Alpaca/GCF_000164845.3_VicPac3.1_genomic.fna as reference file
# Chr: reference from sam/bam header, End: from which termini of DNA sequences, Std: strand of reads
Chr	End	Std	Pos	A	C	G	T	Total	G>A	C>T	A>G	T>C	A>C	A>T	C>G	C>A	T>G	T>A	G>C	G>T	A>-	T>-	C>-	G>-	->A	->T	->C	->G	S
*	3p	+	1	70733	43419	48977	71157	234286	1987	238	221	274	64	101	147	456	78	117	48	79	0	0	0	0	0	0	0	0	0
*	3p	+	2	69322	51030	46232	67713	234297	498	213	190	233	60	77	70	240	61	83	62	73	0	0	0	0	0	0	0	0	0
*	3p	+	3	69359	49176	48144	67632	234311	395	192	212	203	55	57	72	225	69	66	63	93	0	0	0	0	0	0	0	0	0
*	3p	+	4	68432	49328	48817	67739	234316	325	207	201	218	46	50	48	203	43	71	42	136	0	0	0	0	0	1	0	0	0
*	3p	+	5	68389	48929	48632	68369	234319	301	172	198	193	46	47	53	199	48	54	32	112	0	0	2	0	3	0	2	1	0
*	3p	+	6	67980	49728	49174	67412	234294	282	197	205	169	46	54	45	192	40	56	47	123	0	3	0	0	9	7	10	10	0
*	3p	+	7	68421	49131	48936	67813	234301	238	178	192	183	47	40	48	220	46	53	38	151	3	3	1	2	3	11	12	8	0
*	3p	+	8	67883	49077	49952	67353	234265	257	195	182	187	41	53	32	152	53	61	40	121	8	4	6	7	14	20	22	14	0
*	3p	+	9	67342	49765	50481	66683	234271	234	188	190	197	46	34	40	162	54	48	46	126	7	12	10	9	12	25	10	15	0
*	3p	+	10	66865	50243	50507	66653	234268	227	193	208	184	50	47	41	166	57	52	41	120	9	11	6	11	21	22	15	10	0
*	3p	+	11	67508	49840	50400	66517	234265	205	175	184	193	45	46	42	167	51	55	42	127	16	13	9	9	25	14	19	13	0
*	3p	+	12	66996	49923	50537	66801	234257	208	183	184	180	39	36	41	157	41	51	44	137	24	13	14	11	22	18	24	16	0
*	3p	+	13	67176	49709	50508	66870	234263	199	181	177	189	56	31	38	153	45	53	31	129	25	18	11	12	26	20	11	19	0
*	3p	+	14	67140	50028	50380	66719	234267	206	169	192	188	39	42	47	158	54	56	34	133	22	23	11	13	23	23	11	15	0
*	3p	+	15	67139	50203	50606	66278	234226	186	191	192	199	44	29	45	179	44	41	33	124	17	19	13	18	36	41	14	21	0
*	3p	+	16	67141	49920	50771	66423	234255	221	194	191	202	38	39	49	155	56	60	50	126	20	18	17	20	34	20	15	12	0
*	3p	+	17	66674	50121	50552	66896	234243	211	187	182	202	33	40	34	144	63	50	31	138	27	19	21	14	31	24	16	24	0
*	3p	+	18	66666	50146	50421	66999	234232	215	185	182	175	48	44	37	154	63	52	26	126	30	35	7	14	35	30	22	16	0
*	3p	+	19	66650	50060	50650	66870	234230	205	189	189	197	46	34	43	167	47	43	44	124	31	22	15	16	47	26	16	19	0
*	3p	+	20	66850	50283	50556	66531	234220	197	174	202	189	36	27	41	173	51	55	42	140	20	24	11	14	45	28	24	21	0
*	3p	+	21	66664	49851	50646	67050	234211	201	195	174	189	57	37	50	151	53	50	42	108	19	22	14	21	36	35	27	28	0
*	3p	+	22	67235	49734	50604	66647	234220	208	199	181	164	35	29	41	133	55	53	33	127	22	24	26	14	40	38	19	19	0
*	3p	+	23	67114	50177	50677	66248	234216	191	193	173	203	43	53	37	159	55	53	37	137	28	31	15	17	48	33	24	17	0
*	3p	+	24	66886	50025	50727	66575	234213	190	197	177	173	42	29	45	129	52	41	46	113	23	34	17	17	49	40	20	16	0
*	3p	+	25	67352	49944	50016	66906	234218	187	196	206	175	47	42	43	166	51	40	38	135	22	17	21	22	36	36	17	31	0
*	3p	+	26	67173	50254	50139	66646	234212	170	206	213	183	35	43	47	136	57	51	42	129	24	30	19	14	43	35	21	27	0
*	3p	+	27	66799	50259	50120	67040	234218	195	197	195	198	42	39	41	165	64	59	49	141	33	32	20	22	37	39	23	21	0
*	3p	+	28	67247	49886	49937	67154	234224	212	233	188	183	51	46	55	140	38	53	46	134	38	32	27	8	47	33	20	14	0
*	3p	+	29	67278	49895	50050	67001	234224	224	208	201	176	65	46	43	137	42	53	44	161	36	31	20	21	43	41	16	14	0
*	3p	+	30	67748	49262	50229	66988	234227	184	246	215	152	42	47	40	122	50	55	54	161	30	36	15	17	48	38	14	9	0
*	3p	+	31	68190	49410	49840	66790	234230	230	301	206	177	53	36	56	136	52	35	41	154	27	28	18	21	38	35	18	11	0
*	3p	+	32	65477	47582	47698	64201	224958	189	289	183	187	45	37	51	114	55	51	48	138	29	21	11	16	42	31	11	20	0
*	3p	+	33	62734	45282	45346	62274	215636	174	285	172	159	35	55	35	133	30	61	51	128	25	24	13	14	35	35	12	14	0
*	3p	+	34	60213	43004	43283	59734	206234	175	265	198	168	38	34	22	118	43	33	41	135	29	14	14	10	34	41	12	12	0
*	3p	+	35	57369	40895	41440	57474	197178	182	265	153	131	42	39	19	96	50	41	45	153	17	19	14	7	32	33	11	9	0
*	3p	+	36	54897	39240	39255	54859	188251	155	275	145	141	33	48	31	101	42	40	44	146	14	20	10	6	25	33	20	12	0
*	3p	+	37	52254	37526	37191	52452	179423	145	232	156	139	28	36	25	91	31	50	32	134	21	10	15	17	28	31	5	11	0
*	3p	+	38	49965	35797	35075	50110	170947	141	236	168	139	37	42	33	97	30	40	29	119	21	13	11	8	20	22	11	12	0
*	3p	+	39	47505	33935	33444	47993	162877	124	233	147	124	30	34	23	73	31	31	33	116	19	16	11	14	16	27	13	8	0
*	3p	+	40	45309	32335	32080	45524	155248	111	204	146	125	37	31	27	88	27	35	28	104	19	16	11	5	20	24	10	14	0
*	3p	+	41	43176	30494	30660	43399	147729	126	194	130	105	37	31	26	92	32	32	37	112	12	21	9	7	16	21	14	13	0
*	3p	+	42	41193	29099	29090	41211	140593	109	219	114	113	26	32	19	87	32	40	32	102	15	12	9	7	26	30	9	16	0
*	3p	+	43	39325	27368	27461	39652	133806	121	193	86	79	29	27	27	67	22	33	36	95	17	20	11	6	14	27	10	8	0
*	3p	+	44	37880	26129	25750	37594	127353	109	173	121	110	34	41	23	71	24	37	21	88	12	15	14	11	14	25	8	10	0
*	3p	+	45	35479	25018	24640	35874	121011	105	170	111	92	32	27	22	79	31	31	31	96	9	12	9	10	23	16	10	4	0
*	3p	+	46	34016	23734	23353	33988	115091	89	162	91	85	15	28	15	56	25	28	26	82	7	14	10	11	22	16	8	6	0
*	3p	+	47	31975	22443	22309	32671	109398	99	156	92	79	24	23	22	56	22	33	22	77	12	11	11	9	19	19	6	5	0
*	3p	+	48	30452	21609	21208	30811	104080	77	144	80	88	23	25	22	65	23	32	22	78	12	6	9	2	16	8	11	5	0
*	3p	+	49	29174	20246	20252	29303	98975	88	158	79	60	24	24	23	56	19	31	15	83	17	11	13	6	18	12	8	2	0
*	3p	+	50	27748	19330	19236	27744	94058	76	128	84	73	20	18	21	73	20	26	25	61	15	13	5	5	14	13	6	4	0
*	3p	+	51	26236	18308	18243	26697	89484	64	143	85	75	23	25	21	49	25	31	20	58	8	13	6	6	13	16	5	8	0
*	3p	+	52	25240	17321	17455	25006	85022	68	120	84	75	16	27	18	37	22	20	14	56	9	6	3	5	11	18	4	4	0
*	3p	+	53	23782	16709	16586	23855	80932	80	118	74	63	10	20	12	39	22	20	17	62	5	8	6	3	12	18	8	7	0
*	3p	+	54	22916	15704	15668	22918	77206	62	125	72	72	16	20	8	39	20	21	11	70	9	12	8	11	7	15	4	3	0
*	3p	+	55	21805	14916	15012	21705	73438	60	103	61	48	13	16	20	40	22	17	11	43	11	12	9	1	7	10	8	5	0
*	3p	+	56	20818	14152	14243	20657	69870	59	95	72	42	13	13	8	34	20	23	13	51	5	10	1	7	11	11	4	4	0
*	3p	+	57	19692	13585	13718	19506	66501	47	82	52	46	15	20	8	35	9	18	18	40	12	7	5	4	8	9	2	5	0
*	3p	+	58	18601	12962	13016	18672	63251	68	90	65	68	15	20	17	34	16	17	15	43	7	3	4	4	7	7	4	1	0
*	3p	+	59	17655	12331	12477	17736	60199	51	84	60	49	11	21	7	27	16	15	10	40	5	2	3	1	6	7	2	2	0
*	3p	+	60	16852	11573	11801	17136	57362	47	80	61	40	8	19	5	27	17	15	7	44	4	3	1	3	6	4	2	3	0
*	3p	+	61	16140	11369	10910	16170	54589	36	81	40	47	12	19	8	37	13	10	6	30	5	2	2	2	5	9	2	1	0
*	3p	+	62	15358	10664	10493	15358	51873	49	65	40	41	10	15	7	22	8	14	18	32	3	5	5	2	7	7	1	2	0
*	3p	+	63	14477	10140	10288	14507	49412	43	71	36	48	11	11	10	32	12	14	7	35	3	1	4	5	8	6	1	4	0
*	3p	+	64	13902	9540	9557	14047	47046	40	75	35	37	13	14	9	17	12	13	12	40	6	3	1	1	4	9	1	3	0
*	3p	+	65	13111	9159	9173	13347	44790	38	53	37	29	10	7	6	28	6	14	7	29	1	3	4	3	6	1	4	3	0
*	3p	+	66	12621	8853	8619	12588	42681	49	69	44	31	6	14	6	28	10	9	11	47	1	4	1	4	8	6	3	1	0
*	3p	+	67	12126	8412	8060	12051	40649	35	49	45	44	8	9	9	24	12	12	6	28	2	7	1	1	10	7	3	2	0
*	3p	+	68	11254	8027	7837	11585	38703	40	55	26	22	7	14	7	21	11	5	12	29	2	3	7	1	6	4	0	5	0
*	3p	+	69	10896	7672	7228	11157	36953	35	58	31	28	8	12	7	22	11	8	10	22	2	5	0	2	7	4	2	4	0
*	3p	+	70	10543	7410	6860	10413	35226	24	41	29	27	6	8	7	17	4	10	8	24	1	3	3	0	4	1	0	0	0
*	3p	-	1	71252	43015	48785	70867	233919	2066	225	179	274	59	84	152	459	88	113	55	64	0	0	0	0	0	0	0	0	0
*	3p	-	2	69437	50434	46425	67634	233930	521	203	192	221	59	70	79	219	65	82	51	91	0	0	0	0	0	1	0	1	0
*	3p	-	3	69893	49344	48106	66595	233938	417	173	208	229	48	62	67	234	69	74	50	98	0	1	0	0	5	1	1	0	0
*	3p	-	4	68103	49527	48492	67805	233927	327	203	188	216	44	46	53	214	51	63	39	116	3	1	0	2	15	6	2	8	0
*	3p	-	5	68078	48722	48806	68294	233900	294	194	195	212	48	52	58	224	55	56	42	147	6	5	2	1	18	27	7	11	0
*	3p	-	6	68127	49298	49138	67313	233876	273	176	220	208	42	39	46	222	60	55	46	138	8	10	6	2	28	34	13	12	0
*	3p	-	7	68246	49328	48945	67371	233890	256	191	201	203	53	67	33	170	39	57	45	127	21	19	8	6	22	28	11	14	0
*	3p	-	8	68019	48713	50051	67075	233858	223	166	195	199	46	43	44	148	46	49	43	122	27	15	9	6	35	47	14	16	0
*	3p	-	9	67357	49435	49986	67071	233849	225	155	181	198	44	47	55	157	43	62	45	148	16	27	13	10	39	45	16	21	0
*	3p	-	10	67181	49739	50368	66557	233845	218	175	181	184	40	44	36	154	55	46	37	148	27	19	15	20	45	47	19	14	0
*	3p	-	11	67445	49855	50053	66499	233852	234	188	176	170	46	45	43	164	47	51	40	106	23	26	10	15	47	34	17	21	0
*	3p	-	12	66710	50356	50673	66122	233861	212	182	186	201	45	44	41	164	44	51	35	141	20	18	13	8	38	37	17	19	0
*	3p	-	13	66968	49911	50340	66656	233875	203	194	177	170	56	54	36	166	46	64	43	103	21	21	14	14	50	26	10	12	0
*	3p	-	14	66556	49750	50581	66981	233868	196	189	168	186	53	42	32	172	46	57	31	143	22	31	16	17	39	38	17	12	0
*	3p	-	15	66889	50042	50375	66551	233857	181	165	190	188	39	34	55	161	42	46	26	151	33	19	16	20	39	44	20	14	0
*	3p	-	16	66043	50095	50682	67032	233852	200	184	186	171	33	47	36	149	48	46	34	136	26	25	15	14	36	44	15	26	0
*	3p	-	17	66735	50295	50418	66417	233865	208	177	208	189	42	46	40	157	43	33	38	125	28	26	12	19	35	38	23	14	0
*	3p	-	18	66439	49925	50390	67105	233859	189	170	210	204	33	41	41	126	49	56	48	115	24	21	11	8	42	36	16	20	0
*	3p	-	19	66680	49845	50686	66646	233857	202	187	184	176	41	28	48	153	47	37	40	125	27	22	18	17	31	47	23	16	0
*	3p	-	20	66501	50012	50855	66485	233853	191	208	189	192	41	30	36	155	53	42	44	130	19	30	17	17	34	44	13	31	0
*	3p	-	21	66390	50448	50334	66692	233864	203	194	202	193	42	48	48	147	54	41	45	112	25	25	15	12	36	38	18	19	0
*	3p	-	22	66856	49860	50560	66589	233865	177	199	203	187	40	40	51	125	41	39	38	123	25	26	10	15	44	28	20	17	0
*	3p	-	23	67340	49675	50020	66831	233866	199	179	187	179	45	44	33	147	33	54	35	135	24	26	20	9	34	35	24	16	0
*	3p	-	24	66834	50260	50203	66568	233865	203	195	193	191	51	38	45	135	40	64	39	148	30	31	24	14	41	34	14	20	0
*	3p	-	25	67072	49787	50383	66618	233860	198	191	199	192	37	48	43	167	53	58	50	140	28	30	21	28	38	29	24	22	0
*	3p	-	26	67668	49806	50184	66226	233884	210	218	186	167	47	44	40	171	43	57	45	124	21	27	27	19	31	27	16	16	0
*	3p	-	27	66919	49902	50024	67035	233880	194	206	191	171	39	54	45	157	59	68	43	158	24	29	15	19	33	26	12	21	0
*	3p	-	28	66514	50105	50089	67150	233858	196	199	193	177	42	43	34	135	41	63	34	154	27	31	20	19	42	39	16	19	0
*	3p	-	29	67043	49327	50243	67257	233870	194	210	177	213	38	46	37	142	57	53	50	143	28	27	10	10	24	39	23	17	0
*	3p	-	30	67398	49524	50051	66902	233875	199	253	194	207	41	51	39	127	56	47	38	130	26	12	13	12	27	36	16	18	0
*	3p	-	31	67539	49496	49855	66979	233869	196	283	172	180	44	50	38	124	46	54	58	151	25	19	14	16	27	42	12	16	0
*	3p	-	32	65324	47025	47608	64681	224638	186	238	175	161	50	52	43	119	43	41	69	159	26	15	10	14	27	28	13	16	0
*	3p	-	33	62681	45425	45364	61922	215392	173	319	196	179	37	36	26	122	51	46	41	169	20	20	17	10	22	22	14	13	0
*	3p	-	34	60357	42898	43163	59880	206298	175	274	148	156	49	46	32	118	51	40	44	143	13	22	11	16	21	26	6	10	0
*	3p	-	35	57722	41132	40761	57543	197158	157	292	179	166	34	42	41	95	44	46	36	115	12	17	11	11	32	32	11	12	0
*	3p	-	36	54850	39272	39219	54859	188200	154	258	167	130	35	31	26	108	45	32	51	137	14	14	10	13	27	29	9	15	0
*	3p	-	37	52413	37232	37363	52360	179368	153	264	152	131	30	36	35	98	38	51	32	102	15	13	14	10	17	23	8	18	0
*	3p	-	38	50084	35374	35447	50022	170927	135	260	156	120	39	46	27	98	28	59	39	96	13	9	13	5	22	28	5	8	0
*	3p	-	39	47702	33812	33537	47717	162768	125	221	140	116	37	48	27	97	38	36	33	113	19	9	8	7	18	19	10	8	0
*	3p	-	40	45102	32531	31809	45368	154810	129	229	142	103	29	37	23	91	36	35	33	114	11	13	11	5	24	24	15	16	0
*	3p	-	41	43252	30514	30204	43503	147473	110	217	134	121	32	39	21	79	30	38	18	85	9	14	12	3	20	39	10	11	0
*	3p	-	42	40980	28927	29076	41541	140524	114	187	120	133	42	36	27	83	34	43	25	96	3	14	9	9	17	20	9	15	0
*	3p	-	43	39498	27528	27435	39339	133800	103	189	129	79	31	33	26	78	28	44	28	99	9	10	5	8	23	14	14	5	0
*	3p	-	44	37504	26172	26205	37574	127455	116	183	87	93	26	36	23	51	28	32	22	81	9	16	13	4	19	19	3	10	0
*	3p	-	45	35393	25006	25067	35998	121464	117	179	99	101	33	28	20	65	18	48	32	77	5	9	4	7	12	22	11	7	0
*	3p	-	46	34120	23637	23650	34142	115549	93	167	99	74	24	22	29	58	23	41	20	81	9	5	7	8	15	21	9	2	0
*	3p	-	47	32300	22717	22404	32376	109797	94	140	106	78	28	32	24	69	19	21	26	82	7	5	7	7	19	15	7	8	0
*	3p	-	48	31010	21297	21204	30817	104328	93	169	79	66	19	32	16	54	27	23	21	81	9	19	5	2	14	9	12	2	0
*	3p	-	49	29199	20251	20415	29338	99203	80	161	93	72	27	21	20	55	23	28	17	69	13	7	9	6	7	10	6	7	0
*	3p	-	50	27898	19213	19370	27861	94342	82	140	93	75	26	20	19	58	24	22	23	72	8	11	5	9	8	7	3	8	0
*	3p	-	51	26451	18267	18390	26563	89671	67	124	71	73	24	26	12	55	15	25	20	68	10	9	7	3	12	8	6	6	0
*	3p	-	52	25120	17409	17484	25326	85339	81	122	76	60	15	12	11	42	18	20	18	76	5	6	3	3	10	6	4	3	0
*	3p	-	53	23902	16769	16419	23962	81052	60	116	53	71	12	19	19	58	14	21	17	63	6	7	3	2	9	9	3	6	0
*	3p	-	54	23033	15800	15760	22534	77127	73	120	53	62	12	19	13	24	23	21	10	52	4	4	2	5	13	7	6	5	0
*	3p	-	55	21541	14907	15106	21851	73405	68	118	68	45	18	14	8	34	16	22	19	49	4	6	3	2	4	9	3	2	0
*	3p	-	56	20357	14238	14254	21004	69853	64	107	79	51	12	19	10	36	16	19	18	50	5	2	4	4	5	5	2	4	0
*	3p	-	57	19735	13449	13477	19799	66460	58	88	58	62	14	19	13	25	16	15	12	52	6	4	1	1	8	10	1	2	0
*	3p	-	58	18581	12994	12932	18759	63266	60	103	50	54	19	15	8	29	7	17	15	55	5	2	5	2	3	7	5	2	0
*	3p	-	59	17477	12222	12362	18062	60123	56	77	46	54	12	16	12	35	13	16	15	33	4	2	6	2	3	7	2	1	0
*	3p	-	60	16893	11756	11638	16887	57174	40	93	39	48	19	14	8	26	11	12	16	47	5	3	3	1	5	7	2	7	0
*	3p	-	61	16054	11173	11250	16055	54532	43	78	46	47	21	6	12	27	15	12	14	49	3	5	0	1	3	10	2	1	0
*	3p	-	62	15533	10527	10394	15474	51928	44	70	41	48	16	21	6	24	7	12	13	27	4	3	4	2	4	4	1	1	0
*	3p	-	63	14484	10235	9929	14788	49436	35	70	38	38	9	11	9	22	11	10	15	49	2	5	3	3	4	6	1	3	0
*	3p	-	64	13890	9493	9620	14088	47091	37	52	39	59	5	7	8	20	17	14	6	33	3	3	3	1	2	5	4	2	0
*	3p	-	65	13418	9145	8809	13451	44823	38	64	39	36	5	13	4	17	14	8	12	32	3	3	1	1	2	6	3	0	0
*	3p	-	66	12692	8584	8608	12829	42713	32	58	42	32	13	15	6	16	12	17	9	27	0	2	3	2	2	4	1	1	0
*	3p	-	67	12023	8250	8160	12235	40668	39	66	37	30	8	9	8	19	14	10	6	24	3	1	2	1	3	3	3	0	0
*	3p	-	68	11446	7864	7834	11613	38757	33	43	36	28	8	7	7	14	7	17	7	22	2	1	2	3	1	2	1	5	0
*	3p	-	69	10876	7611	7366	11073	36926	36	53	26	32	10	6	15	13	6	10	9	23	3	5	3	2	1	2	2	2	0
*	3p	-	70	10351	7256	7085	10504	35196	37	46	35	35	5	15	5	17	10	11	10	30	2	9	1	0	5	3	1	0	0
*	5p	+	1	70787	48584	43438	71457	234266	251	1977	291	203	99	128	66	91	70	119	170	424	0	0	0	0	0	0	0	0	0
*	5p	+	2	68162	46715	50907	68476	234260	209	521	221	199	66	91	54	84	66	111	92	224	0	0	0	0	2	3	0	0	0
*	5p	+	3	67488	48126	49778	68886	234278	205	395	214	189	54	78	48	114	67	90	59	206	3	0	0	0	2	2	8	4	0
*	5p	+	4	68131	48858	50107	67173	234269	206	334	243	161	51	62	36	118	51	65	54	202	1	0	1	5	18	13	1	11	0
*	5p	+	5	68545	49128	49308	67262	234243	176	299	225	189	37	46	48	120	43	58	42	192	10	9	5	5	24	23	12	19	0
*	5p	+	6	68142	49644	49123	67321	234230	157	269	236	178	49	47	44	140	63	50	49	172	13	11	4	9	38	28	18	12	0
*	5p	+	7	67881	48996	49281	68070	234228	180	259	201	162	41	43	34	156	49	60	42	176	17	17	12	7	32	37	18	12	0
*	5p	+	8	67138	49763	49925	67402	234228	206	237	233	194	45	46	31	124	48	37	48	138	28	20	14	12	27	42	16	19	0
*	5p	+	9	67143	49944	49645	67510	234242	210	220	187	166	53	41	42	158	55	51	39	152	25	27	14	4	32	27	18	15	0
*	5p	+	10	66728	50081	50183	67244	234236	197	232	189	175	46	38	34	144	45	35	44	124	20	22	14	11	27	35	24	15	0
*	5p	+	11	66688	50615	50194	66744	234241	165	209	199	198	32	44	43	138	45	40	46	129	18	25	15	11	25	32	22	18	0
*	5p	+	12	66497	50338	50126	67273	234234	199	231	177	194	69	47	39	132	49	41	40	129	21	33	15	9	46	30	15	13	0
*	5p	+	13	66606	50413	50078	67140	234237	187	202	186	176	49	36	42	145	49	46	31	148	19	26	14	14	31	32	17	21	0
*	5p	+	14	66794	50794	50006	66654	234248	189	209	182	199	33	57	37	129	44	36	44	137	24	17	13	10	26	31	17	16	0
*	5p	+	15	66767	50655	49948	66873	234243	191	219	190	174	47	39	28	124	38	48	40	142	17	23	11	4	34	28	18	15	0
*	5p	+	16	66637	50482	50467	66671	234257	204	205	198	198	49	52	47	128	55	42	41	145	22	20	16	10	24	27	12	18	0
*	5p	+	17	66399	50514	50352	66972	234237	185	190	192	181	46	31	41	150	49	40	40	157	25	22	23	14	38	32	18	13	0
*	5p	+	18	66583	50694	50260	66697	234234	173	210	177	180	35	36	51	148	51	49	51	128	32	29	24	14	37	29	14	25	0
*	5p	+	19	66741	50686	49987	66831	234245	188	209	190	204	42	33	45	127	55	47	45	142	21	30	26	11	37	28	16	12	0
*	5p	+	20	66499	50977	50046	66687	234209	160	208	181	170	50	41	26	131	44	54	32	152	23	33	15	20	38	38	33	19	0
*	5p	+	21	66606	50732	50266	66607	234211	188	210	179	178	52	39	41	168	48	42	39	128	25	20	21	18	46	48	16	16	0
*	5p	+	22	66681	50554	50043	66908	234186	204	172	173	177	43	47	37	140	43	41	38	136	36	24	12	16	48	53	29	22	0
*	5p	+	23	66811	50467	50289	66638	234205	200	192	201	185	46	45	49	135	39	41	37	146	21	26	23	19	43	40	20	30	0
*	5p	+	24	66648	50129	50324	67113	234214	203	188	177	201	52	56	37	142	48	44	36	160	31	37	19	9	35	38	22	30	0
*	5p	+	25	66838	50280	50263	66840	234221	193	200	174	201	40	34	31	144	46	37	45	173	19	30	15	22	37	34	30	17	0
*	5p	+	26	66849	50214	49992	67158	234213	186	184	195	159	50	43	51	151	54	61	49	134	31	20	15	8	39	42	21	24	0
*	5p	+	27	66834	50037	49825	67530	234226	198	171	213	167	55	39	67	165	77	43	47	143	18	16	12	17	31	31	15	18	0
*	5p	+	28	67441	49898	50002	66911	234252	207	204	193	181	40	50	45	164	57	37	51	126	19	23	13	13	30	36	9	10	0
*	5p	+	29	67013	49612	50242	67372	234239	232	195	182	186	53	55	42	162	43	41	44	126	18	22	11	18	27	32	19	19	0
*	5p	+	30	67471	49924	49651	67194	234240	219	182	208	191	36	47	31	134	44	55	33	139	26	19	18	19	37	38	12	9	0
*	5p	+	31	67551	49710	49412	67574	234247	310	214	189	196	55	40	49	164	40	50	44	130	24	25	14	16	31	26	15	16	0
*	5p	+	32	64746	47589	47265	65388	224988	314	174	175	186	39	37	41	152	60	51	35	133	23	11	20	17	22	24	12	21	0
*	5p	+	33	62197	45147	45310	62999	215653	286	178	160	174	36	39	38	165	57	44	48	114	17	14	12	16	33	19	15	14	0
*	5p	+	34	60040	43115	43214	59898	206267	279	173	188	147	41	46	46	147	48	60	23	119	21	14	13	12	20	26	11	10	0
*	5p	+	35	57633	40726	41469	57382	197210	296	161	182	151	29	42	48	163	50	59	37	95	18	19	14	9	23	20	5	7	0
*	5p	+	36	55233	38967	39070	55011	188281	270	152	148	149	35	32	35	128	39	40	33	112	20	19	7	13	16	22	8	14	0
*	5p	+	37	52788	36705	37479	52461	179433	263	179	170	138	41	29	35	143	37	47	28	91	19	11	16	10	28	25	5	8	0
*	5p	+	38	50082	35480	35516	49872	170950	239	128	139	140	31	37	34	116	39	36	39	81	23	8	7	8	20	19	13	9	0
*	5p	+	39	47566	33555	33936	47835	162892	211	143	131	141	36	30	21	109	32	54	17	85	10	12	11	10	23	12	8	7	0
*	5p	+	40	45745	32038	31890	45588	155261	225	127	116	107	25	28	28	108	36	56	32	74	14	12	11	12	14	20	7	12	0
*	5p	+	41	43491	30612	30442	43201	147746	212	127	123	118	39	23	32	94	33	45	24	62	11	16	11	10	15	19	7	7	0
*	5p	+	42	41537	28924	28874	41289	140624	201	126	104	133	24	30	26	96	30	33	23	72	15	22	7	14	18	24	8	2	0
*	5p	+	43	39415	27662	27478	39264	133819	198	117	95	103	19	22	33	91	24	32	20	65	18	14	6	6	11	15	12	5	0
*	5p	+	44	37753	26172	26011	37435	127371	187	90	99	99	24	27	25	118	24	40	18	59	9	10	5	9	13	12	8	8	0
*	5p	+	45	35978	24697	24886	35464	121025	152	101	101	82	17	28	22	89	26	28	16	69	13	11	10	9	15	9	6	9	0
*	5p	+	46	34215	23343	23787	33748	115093	170	92	92	105	11	24	16	76	32	29	9	55	9	15	9	8	22	11	8	8	0
*	5p	+	47	32452	22321	22532	32097	109402	144	80	86	84	27	27	25	97	26	31	16	59	7	9	4	7	21	12	9	6	0
*	5p	+	48	30712	21243	21285	30830	104070	145	85	83	86	24	19	28	87	27	22	18	55	4	9	5	6	23	19	6	4	0
*	5p	+	49	29126	20237	20471	29140	98974	148	76	79	80	24	14	27	102	18	36	16	51	12	6	4	4	19	14	7	4	0
*	5p	+	50	28076	19150	19230	27604	94060	125	76	85	98	12	25	16	67	22	27	18	43	8	9	6	6	17	11	3	7	0
*	5p	+	51	26567	18468	18345	26119	89499	142	67	84	73	17	16	17	74	24	27	16	35	8	5	3	6	11	10	5	4	0
*	5p	+	52	25389	17464	17232	24955	85040	128	66	70	71	13	17	15	78	14	29	13	37	7	8	2	7	11	8	3	3	0
*	5p	+	53	24183	16287	16543	23940	80953	124	70	64	63	21	21	22	57	19	14	13	39	6	8	2	6	7	6	7	8	0
*	5p	+	54	22947	15918	15742	22600	77207	125	69	63	61	16	19	27	59	16	23	14	34	6	4	1	4	16	6	3	8	0
*	5p	+	55	21711	14839	14993	21909	73452	106	61	61	66	14	11	15	60	23	16	14	32	7	7	3	4	9	6	3	2	0
*	5p	+	56	20869	14023	14155	20826	69873	128	54	58	67	24	21	15	60	15	16	15	39	4	7	4	5	12	7	4	7	0
*	5p	+	57	19557	13551	13588	19810	66506	99	52	49	51	19	11	14	70	18	24	6	32	5	5	5	5	5	5	5	4	0
*	5p	+	58	18766	12870	13066	18553	63255	101	60	50	48	14	13	12	48	15	22	9	28	6	3	4	6	4	4	2	4	0
*	5p	+	59	17957	12233	12396	17612	60198	94	36	61	48	13	13	9	51	11	18	8	25	6	5	4	3	6	6	2	4	0
*	5p	+	60	17068	11639	11748	16898	57353	80	50	63	41	12	9	14	29	20	25	15	22	3	8	4	2	12	11	0	3	0
*	5p	+	61	16281	10957	10989	16370	54597	76	44	34	42	9	10	13	37	11	12	8	30	5	1	4	4	0	8	1	2	0
*	5p	+	62	15338	10575	10534	15435	51882	67	44	42	41	10	14	20	38	17	18	13	22	4	2	3	2	6	4	0	0	0
*	5p	+	63	14958	9917	10081	14466	49422	69	40	33	39	6	12	10	44	10	10	8	18	5	5	3	2	6	5	1	1	0
*	5p	+	64	14188	9600	9574	13690	47052	68	36	36	36	8	11	11	30	9	19	13	26	3	4	1	3	4	6	2	3	0
*	5p	+	65	13323	9123	9133	13214	44793	68	37	41	37	6	16	13	40	17	10	6	23	3	3	3	3	8	3	5	0	0
*	5p	+	66	12753	8698	8745	12495	42691	65	35	33	32	2	15	5	32	12	11	6	21	3	4	4	2	6	3	2	1	0
*	5p	+	67	12129	8266	8297	11967	40659	69	40	31	32	7	13	9	35	16	11	7	18	5	2	3	1	6	5	3	0	0
*	5p	+	68	11564	7847	7934	11364	38709	48	32	39	43	3	14	5	39	8	9	5	19	7	6	1	4	2	5	3	0	0
*	5p	+	69	10924	7476	7556	11012	36968	69	31	33	32	5	14	4	34	7	15	6	14	5	2	1	2	3	1	0	0	0
*	5p	+	70	10503	7128	7204	10383	35218	58	17	29	36	11	9	9	29	11	22	7	14	1	3	2	4	5	3	1	3	0
*	5p	-	1	70439	48119	43201	72152	233911	244	1999	292	205	96	114	72	80	63	86	169	438	0	0	0	0	0	0	0	0	0
*	5p	-	2	67957	46694	50903	68354	233908	219	536	249	174	65	77	55	85	85	92	87	209	0	0	0	0	0	0	0	0	0
*	5p	-	3	67507	47918	49972	68543	233940	218	409	222	226	59	67	46	95	75	83	67	231	0	0	0	0	0	0	0	0	0
*	5p	-	4	68242	48439	49970	67294	233945	198	336	216	159	60	61	48	107	52	80	48	197	0	0	0	0	1	3	0	2	0
*	5p	-	5	68586	48734	49231	67367	233918	207	273	225	176	43	60	37	116	47	54	53	199	3	2	5	1	3	11	14	17	0
*	5p	-	6	67520	49179	49939	67285	233923	193	275	192	187	47	42	34	156	53	39	66	175	5	5	9	3	15	10	9	13	0
*	5p	-	7	67521	48895	49217	68286	233919	182	242	185	194	55	56	36	141	54	49	40	172	2	5	3	10	12	9	17	14	0
*	5p	-	8	67206	49921	49378	67404	233909	186	193	208	180	45	37	42	146	54	57	37	155	8	5	6	3	14	15	14	21	0
*	5p	-	9	66920	50400	49339	67252	233911	185	224	176	161	40	46	41	125	32	58	40	145	10	6	11	5	16	14	16	18	0
*	5p	-	10	66927	50072	50117	66785	233901	168	199	191	199	44	56	39	130	52	51	46	149	9	8	9	8	24	16	16	19	0
*	5p	-	11	66838	50086	49648	67331	233903	190	226	215	203	53	50	43	114	43	56	35	122	14	9	11	12	22	19	16	15	0
*	5p	-	12	66495	50737	50387	66273	233892	181	204	206	201	35	41	39	127	45	56	37	161	17	10	16	12	24	25	17	17	0
*	5p	-	13	66726	50537	49726	66891	233880	189	210	195	158	45	31	48	142	47	40	44	127	13	27	12	9	24	38	13	20	0
*	5p	-	14	66555	50182	50039	67116	233892	205	185	182	181	33	52	37	138	37	39	42	141	13	17	13	9	24	25	15	19	0
*	5p	-	15	66644	50244	50244	66744	233876	181	201	182	182	30	41	38	123	50	53	45	136	17	15	7	8	32	33	22	12	0
*	5p	-	16	66582	50500	50049	66735	233866	190	188	169	173	51	32	35	153	45	47	30	147	28	28	6	6	40	37	14	18	0
*	5p	-	17	66357	50286	49921	67302	233866	188	215	216	160	49	45	29	138	37	52	50	128	27	23	11	9	42	26	22	19	0
*	5p	-	18	66111	50992	50581	66179	233863	169	192	188	174	42	55	38	142	47	44	50	141	23	19	14	16	25	48	16	22	0
*	5p	-	19	66304	50623	50054	66882	233863	189	178	189	197	33	38	40	150	48	43	41	120	21	20	11	10	42	39	20	11	0
*	5p	-	20	66688	50236	50192	66756	233872	211	191	184	199	39	42	42	136	44	51	44	144	27	20	13	22	36	31	15	20	0
*	5p	-	21	66780	50644	50076	66393	233893	200	220	192	200	41	45	49	119	47	40	36	131	24	27	20	8	25	24	12	20	0
*	5p	-	22	66641	50508	49785	66928	233862	194	211	168	166	42	40	40	135	53	44	32	125	23	29	17	11	34	34	27	17	0
*	5p	-	23	66928	50236	49622	67081	233867	184	208	184	173	43	36	39	133	44	67	44	144	29	24	8	11	37	34	18	18	0
*	5p	-	24	66458	50291	50102	67002	233853	219	192	192	180	50	34	33	143	38	41	39	118	19	21	18	18	34	45	15	27	0
*	5p	-	25	66450	50168	49715	67534	233867	207	172	169	210	48	40	43	159	39	50	45	135	14	28	10	13	36	41	20	11	0
*	5p	-	26	66637	50193	50095	66928	233853	203	212	229	200	35	38	35	145	51	56	36	132	33	25	31	18	35	41	28	18	0
*	5p	-	27	66723	50148	50163	66794	233828	217	202	232	197	46	54	66	147	91	51	36	140	22	25	22	23	51	47	16	13	0
*	5p	-	28	67002	49867	49905	67106	233880	201	203	171	185	36	44	42	154	52	49	47	154	31	26	16	14	28	39	17	11	0
*	5p	-	29	66908	49962	49873	67114	233857	198	186	190	184	52	42	41	146	44	55	48	141	30	30	20	14	38	38	22	19	0
*	5p	-	30	67493	50203	49372	66790	233858	230	214	214	186	41	52	39	165	42	39	48	129	21	23	19	16	33	51	14	15	0
*	5p	-	31	66982	49539	49313	68043	233877	305	191	168	209	48	53	55	165	53	57	44	115	29	34	18	12	30	37	13	14	0
*	5p	-	32	64975	47274	46926	65456	224631	283	173	173	193	47	40	50	148	30	49	30	138	28	29	21	14	29	45	11	11	0
*	5p	-	33	62384	45257	45420	62305	215366	282	178	181	178	33	41	41	170	45	57	39	137	18	24	14	19	37	33	20	13	0
*	5p	-	34	60053	43072	43035	60138	206298	273	178	163	172	41	46	44	162	32	43	32	95	18	19	9	13	19	26	11	13	0
*	5p	-	35	57713	40826	41088	57548	197175	297	183	157	184	33	35	41	163	58	48	37	114	16	16	9	18	30	25	8	8	0
*	5p	-	36	55073	38957	39379	54796	188205	274	163	136	171	42	24	40	150	41	41	22	85	20	16	9	10	25	29	5	16	0
*	5p	-	37	52862	37197	37541	51757	179357	231	135	138	126	44	41	31	112	38	33	30	90	23	22	14	14	24	34	10	9	0
*	5p	-	38	50467	35180	35364	49905	170916	252	162	114	141	27	35	32	112	26	46	24	87	16	21	18	10	30	28	9	9	0
*	5p	-	39	47897	33425	34195	47244	162761	228	132	143	119	38	37	31	104	34	28	28	88	17	20	17	14	22	31	8	6	0
*	5p	-	40	45421	31804	32084	45503	154812	206	112	116	135	31	42	32	101	30	39	35	72	17	15	13	14	28	23	12	16	0
*	5p	-	41	43298	30414	30495	43271	147478	187	117	119	120	38	27	24	115	40	42	23	63	17	22	8	6	28	30	8	8	0
*	5p	-	42	41284	28981	28965	41270	140500	198	108	130	123	28	28	26	104	24	37	26	78	14	16	9	9	35	33	7	10	0
*	5p	-	43	39273	27519	27440	39551	133783	167	122	81	142	20	29	26	99	15	32	28	89	10	14	9	8	29	18	9	14	0
*	5p	-	44	37593	26235	26004	37625	127457	189	107	98	108	21	30	32	99	26	36	28	65	7	15	6	5	22	23	3	5	0
*	5p	-	45	35792	25002	24847	35823	121464	193	99	92	104	29	30	19	82	23	39	24	69	10	13	6	9	17	27	4	5	0
*	5p	-	46	34281	23469	23724	34068	115542	190	90	94	90	25	30	18	90	19	31	20	64	6	12	7	6	20	23	8	6	0
*	5p	-	47	32467	22289	22742	32299	109797	160	67	81	71	17	21	22	93	20	28	21	43	10	11	14	5	15	19	8	8	0
*	5p	-	48	31117	21027	21378	30787	104309	138	80	80	83	15	25	23	90	25	21	15	33	12	19	8	3	22	19	3	9	0
*	5p	-	49	29501	20150	20464	29068	99183	142	68	90	61	25	18	18	86	17	30	22	46	11	9	9	8	20	24	3	3	0
*	5p	-	50	27856	19213	19399	27862	94330	137	72	77	79	15	24	19	59	28	31	12	43	12	10	2	7	12	14	5	5	0
*	5p	-	51	26584	18344	18201	26542	89671	138	64	70	67	12	16	14	59	20	22	13	63	9	8	2	7	8	13	5	3	0
*	5p	-	52	25175	17424	17291	25443	85333	117	76	68	71	16	20	20	60	16	31	12	40	9	11	7	3	9	9	5	6	0
*	5p	-	53	24045	16451	16513	24027	81036	127	75	53	63	11	26	18	64	20	25	12	43	10	6	3	3	10	20	6	5	0
*	5p	-	54	22960	15786	15607	22768	77121	112	58	54	62	14	21	16	71	12	15	15	35	3	7	7	6	13	13	2	5	0
*	5p	-	55	21869	14749	15110	21655	73383	121	59	52	50	14	18	11	48	20	25	9	31	10	8	6	6	12	13	4	9	0
*	5p	-	56	20729	14166	14283	20652	69830	106	57	51	51	11	10	16	42	14	19	10	34	8	7	5	3	14	7	7	9	0
*	5p	-	57	19847	13313	13627	19665	66452	92	57	48	69	19	17	15	55	14	17	13	31	10	4	3	3	16	8	2	4	0
*	5p	-	58	18930	12685	13142	18504	63261	101	65	48	67	7	20	13	58	15	17	8	40	6	7	4	1	11	9	1	1	0
*	5p	-	59	18156	12139	12363	17446	60104	97	45	39	48	12	9	18	42	12	16	5	33	3	9	7	1	6	11	1	5	0
*	5p	-	60	17002	11705	11712	16752	57171	71	61	49	43	12	11	12	44	15	19	10	34	7	4	2	1	4	10	6	4	0
*	5p	-	61	16275	11036	11163	16039	54513	87	46	54	50	14	10	12	29	8	16	5	24	5	8	1	4	7	13	4	6	0
*	5p	-	62	15515	10478	10715	15206	51914	69	36	46	33	12	10	15	38	14	10	9	25	9	3	2	4	12	3	3	4	0
*	5p	-	63	14751	10082	10033	14560	49426	73	39	42	37	9	13	16	46	17	11	8	24	6	5	2	1	7	10	3	3	0
*	5p	-	64	14337	9470	9407	13872	47086	57	42	54	37	4	11	7	41	11	16	8	21	4	7	4	5	3	10	1	4	0
*	5p	-	65	13474	9062	9172	13111	44819	55	31	35	48	14	12	13	41	16	17	7	27	2	6	3	2	5	8	2	2	0
*	5p	-	66	12838	8506	8768	12599	42711	74	26	41	41	11	12	10	28	13	17	12	23	3	2	4	1	4	5	1	2	0
*	5p	-	67	12035	8241	8357	12029	40662	53	43	28	29	4	16	11	26	11	13	3	15	4	1	4	5	5	6	3	2	0
*	5p	-	68	11682	7782	8011	11276	38751	70	33	28	32	8	9	5	44	5	10	9	18	5	2	0	1	9	2	5	0	0
*	5p	-	69	11051	7424	7543	10903	36921	54	42	33	28	7	13	9	33	11	11	8	11	7	2	1	4	4	7	0	2	0
*	5p	-	70	10492	7020	7197	10483	35192	51	28	36	30	9	5	9	27	12	12	5	17	6	3	4	4	7	1	0	6	0
